#Pasar de github a R

r <- 100*3333
